2.500000000000000000e+00
2.701771259307861328e+00
2.521818876266479492e+00
2.319635391235351562e+00
2.168553352355957031e+00
2.011622905731201172e+00
1.823132157325744629e+00
1.643519759178161621e+00
1.510532379150390625e+00
1.462182402610778809e+00
1.444202780723571777e+00
1.392302632331848145e+00
1.916666746139526367e+00
2.549999952316284180e+00
2.500000000000000000e+00
2.500000000000000000e+00
2.500000000000000000e+00
2.500000000000000000e+00
2.500000000000000000e+00
2.500000000000000000e+00
2.500000000000000000e+00
2.500000000000000000e+00
2.500000000000000000e+00
2.500000000000000000e+00
2.500000000000000000e+00
