5.000000000000000000e+00
5.000000000000000000e+00
5.000000000000000000e+00
4.795000076293945312e+00
5.082812786102294922e+00
4.813226699829101562e+00
4.635182857513427734e+00
4.453223705291748047e+00
4.275645732879638672e+00
4.139629364013671875e+00
3.955195188522338867e+00
3.761703968048095703e+00
3.590077161788940430e+00
3.490396499633789062e+00
3.353171825408935547e+00
3.311755657196044922e+00
3.260728120803833008e+00
3.159985065460205078e+00
2.979669094085693359e+00
1.990000009536743164e+00
3.099999904632568359e+00
5.000000000000000000e+00
5.000000000000000000e+00
5.000000000000000000e+00
5.000000000000000000e+00
5.000000000000000000e+00
5.000000000000000000e+00
5.000000000000000000e+00
5.000000000000000000e+00
5.000000000000000000e+00
5.000000000000000000e+00
5.000000000000000000e+00
5.000000000000000000e+00
5.000000000000000000e+00
5.000000000000000000e+00
5.000000000000000000e+00
5.000000000000000000e+00
5.000000000000000000e+00
5.000000000000000000e+00
5.000000000000000000e+00
