1.500000000000000000e+01
1.500000000000000000e+01
1.500000000000000000e+01
1.500000000000000000e+01
1.500000000000000000e+01
1.500000000000000000e+01
1.500000000000000000e+01
1.500000000000000000e+01
1.500000000000000000e+01
1.500000000000000000e+01
1.500000000000000000e+01
1.450000000000000000e+01
1.500000000000000000e+01
1.500000000000000000e+01
1.500000000000000000e+01
1.419999980926513672e+01
1.352499961853027344e+01
1.315944480895996094e+01
1.390922832489013672e+01
1.373907184600830078e+01
1.349119758605957031e+01
1.328632164001464844e+01
1.308565807342529297e+01
1.293439960479736328e+01
1.272025012969970703e+01
1.259470844268798828e+01
1.241634559631347656e+01
1.227424526214599609e+01
1.216079902648925781e+01
1.198845863342285156e+01
1.180666160583496094e+01
1.164655494689941406e+01
1.152166461944580078e+01
1.132243537902832031e+01
1.118004798889160156e+01
1.109772014617919922e+01
1.088437080383300781e+01
1.076617240905761719e+01
1.058368396759033203e+01
1.045130634307861328e+01
1.040220069885253906e+01
1.017043113708496094e+01
1.014944744110107422e+01
9.977985382080078125e+00
9.325974464416503906e+00
8.973333358764648438e+00
1.218333244323730469e+01
1.389999961853027344e+01
1.500000000000000000e+01
1.480000019073486328e+01
1.500000000000000000e+01
1.500000000000000000e+01
1.500000000000000000e+01
1.500000000000000000e+01
1.500000000000000000e+01
1.500000000000000000e+01
1.500000000000000000e+01
1.500000000000000000e+01
1.500000000000000000e+01
1.500000000000000000e+01
1.500000000000000000e+01
1.500000000000000000e+01
1.500000000000000000e+01
1.500000000000000000e+01
1.500000000000000000e+01
1.500000000000000000e+01
1.500000000000000000e+01
1.500000000000000000e+01
1.500000000000000000e+01
1.500000000000000000e+01
1.500000000000000000e+01
1.500000000000000000e+01
1.500000000000000000e+01
1.500000000000000000e+01
1.500000000000000000e+01
1.500000000000000000e+01
1.500000000000000000e+01
1.500000000000000000e+01
1.500000000000000000e+01
1.500000000000000000e+01
1.500000000000000000e+01
1.500000000000000000e+01
1.500000000000000000e+01
1.500000000000000000e+01
1.500000000000000000e+01
1.500000000000000000e+01
1.500000000000000000e+01
1.500000000000000000e+01
1.500000000000000000e+01
1.500000000000000000e+01
1.500000000000000000e+01
1.500000000000000000e+01
1.500000000000000000e+01
1.500000000000000000e+01
1.500000000000000000e+01
1.500000000000000000e+01
1.500000000000000000e+01
1.500000000000000000e+01
1.500000000000000000e+01
1.500000000000000000e+01
