1.000000000000000000e+01
1.000000000000000000e+01
1.000000000000000000e+01
1.000000000000000000e+01
1.000000000000000000e+01
1.000000000000000000e+01
1.000000000000000000e+01
1.019999980926513672e+01
9.399999618530273438e+00
9.316666603088378906e+00
9.682301521301269531e+00
9.510228157043457031e+00
9.166798591613769531e+00
9.038800239562988281e+00
8.863197326660156250e+00
8.651051521301269531e+00
8.493762016296386719e+00
8.350469589233398438e+00
8.215186119079589844e+00
8.067354202270507812e+00
7.869320869445800781e+00
7.743800163269042969e+00
7.544026851654052734e+00
7.423901557922363281e+00
7.291790962219238281e+00
7.150328159332275391e+00
7.013607978820800781e+00
6.905748844146728516e+00
6.743181705474853516e+00
6.728924751281738281e+00
6.299729347229003906e+00
6.569306373596191406e+00
5.857499599456787109e+00
7.949999809265136719e+00
8.433333396911621094e+00
1.000000000000000000e+01
1.000000000000000000e+01
1.000000000000000000e+01
1.000000000000000000e+01
1.000000000000000000e+01
1.000000000000000000e+01
1.000000000000000000e+01
1.000000000000000000e+01
1.000000000000000000e+01
1.000000000000000000e+01
1.000000000000000000e+01
1.000000000000000000e+01
1.000000000000000000e+01
1.000000000000000000e+01
1.000000000000000000e+01
1.000000000000000000e+01
1.000000000000000000e+01
1.000000000000000000e+01
1.000000000000000000e+01
1.000000000000000000e+01
1.000000000000000000e+01
1.000000000000000000e+01
1.000000000000000000e+01
1.000000000000000000e+01
1.000000000000000000e+01
1.000000000000000000e+01
1.000000000000000000e+01
1.000000000000000000e+01
1.000000000000000000e+01
1.000000000000000000e+01
1.000000000000000000e+01
1.000000000000000000e+01
1.000000000000000000e+01
1.000000000000000000e+01
1.000000000000000000e+01
