5.000000000000000000e+00
5.000000000000000000e+00
5.000000000000000000e+00
6.118809700012207031e+00
5.815269470214843750e+00
5.452204227447509766e+00
5.133567333221435547e+00
4.821385383605957031e+00
4.505626678466796875e+00
4.226277351379394531e+00
3.954339265823364258e+00
3.643519163131713867e+00
3.391109466552734375e+00
3.153133392333984375e+00
2.907316207885742188e+00
2.671769380569458008e+00
2.445363283157348633e+00
2.263276338577270508e+00
1.932301521301269531e+00
4.000000000000000000e+00
4.900000095367431641e+00
5.000000000000000000e+00
5.000000000000000000e+00
5.000000000000000000e+00
5.000000000000000000e+00
5.000000000000000000e+00
5.000000000000000000e+00
5.000000000000000000e+00
5.000000000000000000e+00
5.000000000000000000e+00
5.000000000000000000e+00
5.000000000000000000e+00
5.000000000000000000e+00
5.000000000000000000e+00
5.000000000000000000e+00
5.000000000000000000e+00
5.000000000000000000e+00
5.000000000000000000e+00
5.000000000000000000e+00
5.000000000000000000e+00
