1.500000000000000000e+01
1.500000000000000000e+01
1.500000000000000000e+01
1.500000000000000000e+01
1.500000000000000000e+01
1.500000000000000000e+01
1.500000000000000000e+01
1.500000000000000000e+01
1.500000000000000000e+01
1.500000000000000000e+01
1.419999980926513672e+01
1.450000000000000000e+01
1.500000000000000000e+01
1.500000000000000000e+01
1.500000000000000000e+01
1.600000000000000000e+01
1.578333282470703125e+01
1.355000019073486328e+01
1.323500061035156250e+01
1.324310874938964844e+01
1.349229717254638672e+01
1.318754768371582031e+01
1.298151206970214844e+01
1.291442871093750000e+01
1.277123069763183594e+01
1.255850601196289062e+01
1.246347999572753906e+01
1.226757240295410156e+01
1.210988426208496094e+01
1.197443580627441406e+01
1.183516693115234375e+01
1.163507175445556641e+01
1.146769237518310547e+01
1.132809448242187500e+01
1.117065906524658203e+01
1.106551265716552734e+01
1.094499778747558594e+01
1.073802757263183594e+01
1.056905078887939453e+01
1.049900150299072266e+01
1.037963294982910156e+01
9.965499877929687500e+00
9.920560836791992188e+00
1.053362178802490234e+01
9.274999618530273438e+00
1.103999996185302734e+01
1.439999961853027344e+01
1.269999980926513672e+01
1.419999980926513672e+01
1.500000000000000000e+01
1.500000000000000000e+01
1.500000000000000000e+01
1.500000000000000000e+01
1.500000000000000000e+01
1.500000000000000000e+01
1.500000000000000000e+01
1.500000000000000000e+01
1.500000000000000000e+01
1.500000000000000000e+01
1.500000000000000000e+01
1.500000000000000000e+01
1.500000000000000000e+01
1.500000000000000000e+01
1.500000000000000000e+01
1.500000000000000000e+01
1.500000000000000000e+01
1.500000000000000000e+01
1.500000000000000000e+01
1.500000000000000000e+01
1.500000000000000000e+01
1.500000000000000000e+01
1.500000000000000000e+01
1.500000000000000000e+01
1.500000000000000000e+01
1.500000000000000000e+01
1.500000000000000000e+01
1.500000000000000000e+01
1.500000000000000000e+01
1.500000000000000000e+01
1.500000000000000000e+01
1.500000000000000000e+01
1.500000000000000000e+01
1.500000000000000000e+01
1.500000000000000000e+01
1.500000000000000000e+01
1.500000000000000000e+01
1.500000000000000000e+01
1.500000000000000000e+01
1.500000000000000000e+01
1.500000000000000000e+01
1.500000000000000000e+01
1.500000000000000000e+01
1.500000000000000000e+01
1.500000000000000000e+01
1.500000000000000000e+01
1.500000000000000000e+01
1.500000000000000000e+01
1.500000000000000000e+01
1.500000000000000000e+01
1.500000000000000000e+01
