5.000000000000000000e+00
5.000000000000000000e+00
4.500000000000000000e+00
4.836666584014892578e+00
4.967827796936035156e+00
4.787389755249023438e+00
4.615316867828369141e+00
4.453318595886230469e+00
4.290978431701660156e+00
4.138487339019775391e+00
3.947503566741943359e+00
3.745842695236206055e+00
3.611063718795776367e+00
3.475292921066284180e+00
3.377995967864990234e+00
3.303698301315307617e+00
3.190838813781738281e+00
3.058728694915771484e+00
2.987234354019165039e+00
3.150000095367431641e+00
4.300000190734863281e+00
5.000000000000000000e+00
5.000000000000000000e+00
5.000000000000000000e+00
5.000000000000000000e+00
5.000000000000000000e+00
5.000000000000000000e+00
5.000000000000000000e+00
5.000000000000000000e+00
5.000000000000000000e+00
5.000000000000000000e+00
5.000000000000000000e+00
5.000000000000000000e+00
5.000000000000000000e+00
5.000000000000000000e+00
5.000000000000000000e+00
5.000000000000000000e+00
5.000000000000000000e+00
5.000000000000000000e+00
5.000000000000000000e+00
