2.500000000000000000e+00
2.772292613983154297e+00
2.511038780212402344e+00
2.340004920959472656e+00
2.169929504394531250e+00
2.001794815063476562e+00
1.799159407615661621e+00
1.653892278671264648e+00
1.505173683166503906e+00
1.416794896125793457e+00
1.446011304855346680e+00
1.546005487442016602e+00
1.250000000000000000e+00
2.500000000000000000e+00
2.500000000000000000e+00
2.500000000000000000e+00
2.500000000000000000e+00
2.500000000000000000e+00
2.500000000000000000e+00
2.500000000000000000e+00
2.500000000000000000e+00
2.500000000000000000e+00
2.500000000000000000e+00
2.500000000000000000e+00
2.500000000000000000e+00
