1.000000000000000000e+01
1.000000000000000000e+01
1.000000000000000000e+01
1.000000000000000000e+01
1.000000000000000000e+01
1.000000000000000000e+01
1.000000000000000000e+01
1.000000000000000000e+01
1.014999961853027344e+01
9.899999618530273438e+00
9.519166946411132812e+00
9.280570983886718750e+00
9.147207260131835938e+00
9.005483627319335938e+00
8.810726165771484375e+00
8.694063186645507812e+00
8.496273994445800781e+00
8.364271163940429688e+00
8.212753295898437500e+00
8.024389266967773438e+00
7.877245903015136719e+00
7.702021121978759766e+00
7.524664402008056641e+00
7.386361122131347656e+00
7.279715538024902344e+00
7.174218177795410156e+00
7.029173374176025391e+00
6.834126472473144531e+00
6.839837551116943359e+00
6.393256187438964844e+00
6.350851535797119141e+00
6.624722480773925781e+00
6.320000171661376953e+00
8.149999618530273438e+00
9.199999809265136719e+00
9.399999618530273438e+00
1.000000000000000000e+01
1.000000000000000000e+01
1.000000000000000000e+01
1.000000000000000000e+01
1.000000000000000000e+01
1.000000000000000000e+01
1.000000000000000000e+01
1.000000000000000000e+01
1.000000000000000000e+01
1.000000000000000000e+01
1.000000000000000000e+01
1.000000000000000000e+01
1.000000000000000000e+01
1.000000000000000000e+01
1.000000000000000000e+01
1.000000000000000000e+01
1.000000000000000000e+01
1.000000000000000000e+01
1.000000000000000000e+01
1.000000000000000000e+01
1.000000000000000000e+01
1.000000000000000000e+01
1.000000000000000000e+01
1.000000000000000000e+01
1.000000000000000000e+01
1.000000000000000000e+01
1.000000000000000000e+01
1.000000000000000000e+01
1.000000000000000000e+01
1.000000000000000000e+01
1.000000000000000000e+01
1.000000000000000000e+01
1.000000000000000000e+01
1.000000000000000000e+01
