2.500000000000000000e+01
2.500000000000000000e+01
2.500000000000000000e+01
2.500000000000000000e+01
2.500000000000000000e+01
2.500000000000000000e+01
2.500000000000000000e+01
2.500000000000000000e+01
2.500000000000000000e+01
2.500000000000000000e+01
2.500000000000000000e+01
2.500000000000000000e+01
2.500000000000000000e+01
2.500000000000000000e+01
2.500000000000000000e+01
2.500000000000000000e+01
2.500000000000000000e+01
2.500000000000000000e+01
2.500000000000000000e+01
2.500000000000000000e+01
2.500000000000000000e+01
2.500000000000000000e+01
2.500000000000000000e+01
2.500000000000000000e+01
2.500000000000000000e+01
2.500000000000000000e+01
2.460000038146972656e+01
2.500000000000000000e+01
2.500000000000000000e+01
2.539999961853027344e+01
2.595000076293945312e+01
2.600000000000000000e+01
2.379999923706054688e+01
2.145000076293945312e+01
2.217690467834472656e+01
2.243225669860839844e+01
2.125891494750976562e+01
2.195342636108398438e+01
2.155407714843750000e+01
2.128585624694824219e+01
2.111120033264160156e+01
2.117623710632324219e+01
2.093802452087402344e+01
2.076668357849121094e+01
2.056963729858398438e+01
2.048334884643554688e+01
2.026736259460449219e+01
2.018032836914062500e+01
2.000484466552734375e+01
1.986141777038574219e+01
1.966173744201660156e+01
1.950775718688964844e+01
1.934235763549804688e+01
1.918491172790527344e+01
1.906669807434082031e+01
1.883414649963378906e+01
1.876844024658203125e+01
1.860256004333496094e+01
1.847312164306640625e+01
1.827833366394042969e+01
1.816570663452148438e+01
1.794121551513671875e+01
1.789766502380371094e+01
1.780885887145996094e+01
1.725187301635742188e+01
1.705066490173339844e+01
1.723394393920898438e+01
1.848992347717285156e+01
1.751666641235351562e+01
1.637500000000000000e+01
2.189999961853027344e+01
2.379999923706054688e+01
2.229999923706054688e+01
2.370000076293945312e+01
2.400000000000000000e+01
2.500000000000000000e+01
2.370000076293945312e+01
2.500000000000000000e+01
2.500000000000000000e+01
2.500000000000000000e+01
2.500000000000000000e+01
2.500000000000000000e+01
2.500000000000000000e+01
2.500000000000000000e+01
2.500000000000000000e+01
2.500000000000000000e+01
2.500000000000000000e+01
2.500000000000000000e+01
2.500000000000000000e+01
2.500000000000000000e+01
2.500000000000000000e+01
2.500000000000000000e+01
2.500000000000000000e+01
2.500000000000000000e+01
2.500000000000000000e+01
2.500000000000000000e+01
2.500000000000000000e+01
2.500000000000000000e+01
2.500000000000000000e+01
2.500000000000000000e+01
2.500000000000000000e+01
2.500000000000000000e+01
2.500000000000000000e+01
2.500000000000000000e+01
2.500000000000000000e+01
2.500000000000000000e+01
2.500000000000000000e+01
2.500000000000000000e+01
2.500000000000000000e+01
2.500000000000000000e+01
2.500000000000000000e+01
2.500000000000000000e+01
2.500000000000000000e+01
2.500000000000000000e+01
2.500000000000000000e+01
2.500000000000000000e+01
2.500000000000000000e+01
2.500000000000000000e+01
2.500000000000000000e+01
2.500000000000000000e+01
2.500000000000000000e+01
2.500000000000000000e+01
2.500000000000000000e+01
2.500000000000000000e+01
2.500000000000000000e+01
2.500000000000000000e+01
2.500000000000000000e+01
2.500000000000000000e+01
2.500000000000000000e+01
2.500000000000000000e+01
2.500000000000000000e+01
2.500000000000000000e+01
2.500000000000000000e+01
2.500000000000000000e+01
2.500000000000000000e+01
2.500000000000000000e+01
2.500000000000000000e+01
2.500000000000000000e+01
2.500000000000000000e+01
2.500000000000000000e+01
2.500000000000000000e+01
2.500000000000000000e+01
2.500000000000000000e+01
2.500000000000000000e+01
2.500000000000000000e+01
2.500000000000000000e+01
2.500000000000000000e+01
2.500000000000000000e+01
2.500000000000000000e+01
2.500000000000000000e+01
2.500000000000000000e+01
2.500000000000000000e+01
2.500000000000000000e+01
2.500000000000000000e+01
2.500000000000000000e+01
2.500000000000000000e+01
2.500000000000000000e+01
2.500000000000000000e+01
2.500000000000000000e+01
2.500000000000000000e+01
