2.500000000000000000e+01
2.500000000000000000e+01
2.500000000000000000e+01
2.500000000000000000e+01
2.500000000000000000e+01
2.500000000000000000e+01
2.500000000000000000e+01
2.500000000000000000e+01
2.500000000000000000e+01
2.500000000000000000e+01
2.500000000000000000e+01
2.500000000000000000e+01
2.500000000000000000e+01
2.500000000000000000e+01
2.500000000000000000e+01
2.500000000000000000e+01
2.500000000000000000e+01
2.500000000000000000e+01
2.500000000000000000e+01
2.500000000000000000e+01
2.500000000000000000e+01
2.500000000000000000e+01
2.500000000000000000e+01
2.500000000000000000e+01
2.400000000000000000e+01
2.500000000000000000e+01
2.410000038146972656e+01
2.500000000000000000e+01
2.470000076293945312e+01
2.470000076293945312e+01
2.376666641235351562e+01
2.400000000000000000e+01
2.321666717529296875e+01
2.178666687011718750e+01
2.183780670166015625e+01
2.233830833435058594e+01
2.210963821411132812e+01
2.183478164672851562e+01
2.169578170776367188e+01
2.149736022949218750e+01
2.123362350463867188e+01
2.111695480346679688e+01
2.092556190490722656e+01
2.075179862976074219e+01
2.062651634216308594e+01
2.045490074157714844e+01
2.028339385986328125e+01
2.017341423034667969e+01
2.001533126831054688e+01
1.987143135070800781e+01
1.972072410583496094e+01
1.951216125488281250e+01
1.943518066406250000e+01
1.921668624877929688e+01
1.904583168029785156e+01
1.892599105834960938e+01
1.879671096801757812e+01
1.865596580505371094e+01
1.843278312683105469e+01
1.831627464294433594e+01
1.816508483886718750e+01
1.802833557128906250e+01
1.785414505004882812e+01
1.777543258666992188e+01
1.764915084838867188e+01
1.739392471313476562e+01
1.746046066284179688e+01
1.750007438659667969e+01
1.581269836425781250e+01
1.625000000000000000e+01
1.681666755676269531e+01
2.239999961853027344e+01
1.910000038146972656e+01
2.239999961853027344e+01
2.389999961853027344e+01
2.379999923706054688e+01
2.500000000000000000e+01
2.500000000000000000e+01
2.500000000000000000e+01
2.500000000000000000e+01
2.500000000000000000e+01
2.500000000000000000e+01
2.500000000000000000e+01
2.500000000000000000e+01
2.500000000000000000e+01
2.500000000000000000e+01
2.500000000000000000e+01
2.500000000000000000e+01
2.500000000000000000e+01
2.500000000000000000e+01
2.500000000000000000e+01
2.500000000000000000e+01
2.500000000000000000e+01
2.500000000000000000e+01
2.500000000000000000e+01
2.500000000000000000e+01
2.500000000000000000e+01
2.500000000000000000e+01
2.500000000000000000e+01
2.500000000000000000e+01
2.500000000000000000e+01
2.500000000000000000e+01
2.500000000000000000e+01
2.500000000000000000e+01
2.500000000000000000e+01
2.500000000000000000e+01
2.500000000000000000e+01
2.500000000000000000e+01
2.500000000000000000e+01
2.500000000000000000e+01
2.500000000000000000e+01
2.500000000000000000e+01
2.500000000000000000e+01
2.500000000000000000e+01
2.500000000000000000e+01
2.500000000000000000e+01
2.500000000000000000e+01
2.500000000000000000e+01
2.500000000000000000e+01
2.500000000000000000e+01
2.500000000000000000e+01
2.500000000000000000e+01
2.500000000000000000e+01
2.500000000000000000e+01
2.500000000000000000e+01
2.500000000000000000e+01
2.500000000000000000e+01
2.500000000000000000e+01
2.500000000000000000e+01
2.500000000000000000e+01
2.500000000000000000e+01
2.500000000000000000e+01
2.500000000000000000e+01
2.500000000000000000e+01
2.500000000000000000e+01
2.500000000000000000e+01
2.500000000000000000e+01
2.500000000000000000e+01
2.500000000000000000e+01
2.500000000000000000e+01
2.500000000000000000e+01
2.500000000000000000e+01
2.500000000000000000e+01
2.500000000000000000e+01
2.500000000000000000e+01
2.500000000000000000e+01
2.500000000000000000e+01
2.500000000000000000e+01
2.500000000000000000e+01
2.500000000000000000e+01
2.500000000000000000e+01
2.500000000000000000e+01
2.500000000000000000e+01
2.500000000000000000e+01
2.500000000000000000e+01
2.500000000000000000e+01
2.500000000000000000e+01
2.500000000000000000e+01
2.500000000000000000e+01
2.500000000000000000e+01
