5.000000000000000000e+00
5.000000000000000000e+00
5.000000000000000000e+00
6.301667213439941406e+00
5.776329517364501953e+00
5.450104713439941406e+00
5.114398956298828125e+00
4.805484294891357422e+00
4.508929252624511719e+00
4.193661689758300781e+00
3.908638715744018555e+00
3.660137891769409180e+00
3.401712894439697266e+00
3.121737003326416016e+00
2.910219430923461914e+00
2.648662567138671875e+00
2.491039752960205078e+00
2.144922733306884766e+00
2.091666698455810547e+00
4.199999809265136719e+00
5.000000000000000000e+00
5.000000000000000000e+00
5.000000000000000000e+00
5.000000000000000000e+00
5.000000000000000000e+00
5.000000000000000000e+00
5.000000000000000000e+00
5.000000000000000000e+00
5.000000000000000000e+00
5.000000000000000000e+00
5.000000000000000000e+00
5.000000000000000000e+00
5.000000000000000000e+00
5.000000000000000000e+00
5.000000000000000000e+00
5.000000000000000000e+00
5.000000000000000000e+00
5.000000000000000000e+00
5.000000000000000000e+00
5.000000000000000000e+00
