2.500000000000000000e+00
3.309309720993041992e+00
2.840960025787353516e+00
2.529682159423828125e+00
2.237339258193969727e+00
1.967817068099975586e+00
1.720443487167358398e+00
1.498760461807250977e+00
1.318826079368591309e+00
1.205549001693725586e+00
9.634363055229187012e-01
1.475000143051147461e+00
2.500000000000000000e+00
2.500000000000000000e+00
2.500000000000000000e+00
2.500000000000000000e+00
2.500000000000000000e+00
2.500000000000000000e+00
2.500000000000000000e+00
2.500000000000000000e+00
2.500000000000000000e+00
2.500000000000000000e+00
2.500000000000000000e+00
2.500000000000000000e+00
2.500000000000000000e+00
