1.000000000000000000e+01
1.000000000000000000e+01
1.000000000000000000e+01
1.000000000000000000e+01
1.000000000000000000e+01
1.000000000000000000e+01
1.000000000000000000e+01
1.000000000000000000e+01
1.030000019073486328e+01
1.064999961853027344e+01
1.140249919891357422e+01
1.089336967468261719e+01
1.023103332519531250e+01
9.885703086853027344e+00
9.649233818054199219e+00
9.352762222290039062e+00
9.059759140014648438e+00
8.722690582275390625e+00
8.430664062500000000e+00
8.136377334594726562e+00
7.855957031250000000e+00
7.594697475433349609e+00
7.272559165954589844e+00
7.025837898254394531e+00
6.735545158386230469e+00
6.468926906585693359e+00
6.202916145324707031e+00
5.931045055389404297e+00
5.730077743530273438e+00
5.473567962646484375e+00
4.889029026031494141e+00
4.908333301544189453e+00
7.699999809265136719e+00
8.600000381469726562e+00
9.100000381469726562e+00
1.000000000000000000e+01
1.000000000000000000e+01
1.000000000000000000e+01
1.000000000000000000e+01
1.000000000000000000e+01
1.000000000000000000e+01
1.000000000000000000e+01
1.000000000000000000e+01
1.000000000000000000e+01
1.000000000000000000e+01
1.000000000000000000e+01
1.000000000000000000e+01
1.000000000000000000e+01
1.000000000000000000e+01
1.000000000000000000e+01
1.000000000000000000e+01
1.000000000000000000e+01
1.000000000000000000e+01
1.000000000000000000e+01
1.000000000000000000e+01
1.000000000000000000e+01
1.000000000000000000e+01
1.000000000000000000e+01
1.000000000000000000e+01
1.000000000000000000e+01
1.000000000000000000e+01
1.000000000000000000e+01
1.000000000000000000e+01
1.000000000000000000e+01
1.000000000000000000e+01
1.000000000000000000e+01
1.000000000000000000e+01
1.000000000000000000e+01
1.000000000000000000e+01
1.000000000000000000e+01
