1.500000000000000000e+01
1.500000000000000000e+01
1.500000000000000000e+01
1.500000000000000000e+01
1.500000000000000000e+01
1.500000000000000000e+01
1.500000000000000000e+01
1.500000000000000000e+01
1.500000000000000000e+01
1.500000000000000000e+01
1.500000000000000000e+01
1.500000000000000000e+01
1.500000000000000000e+01
1.500000000000000000e+01
1.539999961853027344e+01
1.550000000000000000e+01
1.530000019073486328e+01
1.575000000000000000e+01
1.526508903503417969e+01
1.525866508483886719e+01
1.477760505676269531e+01
1.439772796630859375e+01
1.409315299987792969e+01
1.384135246276855469e+01
1.357078361511230469e+01
1.327598285675048828e+01
1.293462657928466797e+01
1.263858413696289062e+01
1.236812305450439453e+01
1.207723426818847656e+01
1.182092475891113281e+01
1.149683094024658203e+01
1.123913002014160156e+01
1.097933864593505859e+01
1.065407371520996094e+01
1.037447166442871094e+01
1.012393379211425781e+01
9.822849273681640625e+00
9.600936889648437500e+00
9.234384536743164062e+00
9.061591148376464844e+00
8.931221961975097656e+00
8.562145233154296875e+00
7.550000190734863281e+00
1.196666622161865234e+01
1.400000000000000000e+01
1.285000038146972656e+01
1.500000000000000000e+01
1.500000000000000000e+01
1.500000000000000000e+01
1.500000000000000000e+01
1.500000000000000000e+01
1.500000000000000000e+01
1.500000000000000000e+01
1.500000000000000000e+01
1.500000000000000000e+01
1.500000000000000000e+01
1.500000000000000000e+01
1.500000000000000000e+01
1.500000000000000000e+01
1.500000000000000000e+01
1.500000000000000000e+01
1.500000000000000000e+01
1.500000000000000000e+01
1.500000000000000000e+01
1.500000000000000000e+01
1.500000000000000000e+01
1.500000000000000000e+01
1.500000000000000000e+01
1.500000000000000000e+01
1.500000000000000000e+01
1.500000000000000000e+01
1.500000000000000000e+01
1.500000000000000000e+01
1.500000000000000000e+01
1.500000000000000000e+01
1.500000000000000000e+01
1.500000000000000000e+01
1.500000000000000000e+01
1.500000000000000000e+01
1.500000000000000000e+01
1.500000000000000000e+01
1.500000000000000000e+01
1.500000000000000000e+01
1.500000000000000000e+01
1.500000000000000000e+01
1.500000000000000000e+01
1.500000000000000000e+01
1.500000000000000000e+01
1.500000000000000000e+01
1.500000000000000000e+01
1.500000000000000000e+01
1.500000000000000000e+01
1.500000000000000000e+01
1.500000000000000000e+01
1.500000000000000000e+01
1.500000000000000000e+01
1.500000000000000000e+01
1.500000000000000000e+01
1.500000000000000000e+01
