2.500000000000000000e+01
2.500000000000000000e+01
2.500000000000000000e+01
2.500000000000000000e+01
2.500000000000000000e+01
2.500000000000000000e+01
2.500000000000000000e+01
2.500000000000000000e+01
2.500000000000000000e+01
2.500000000000000000e+01
2.500000000000000000e+01
2.500000000000000000e+01
2.500000000000000000e+01
2.500000000000000000e+01
2.500000000000000000e+01
2.500000000000000000e+01
2.500000000000000000e+01
2.500000000000000000e+01
2.500000000000000000e+01
2.500000000000000000e+01
2.500000000000000000e+01
2.500000000000000000e+01
2.500000000000000000e+01
2.500000000000000000e+01
2.500000000000000000e+01
2.500000000000000000e+01
2.500000000000000000e+01
2.500000000000000000e+01
2.500000000000000000e+01
2.370000076293945312e+01
2.400000000000000000e+01
2.539999961853027344e+01
2.567499923706054688e+01
2.383333206176757812e+01
2.414309310913085938e+01
2.391979026794433594e+01
2.427014732360839844e+01
2.342258453369140625e+01
2.333968544006347656e+01
2.295246887207031250e+01
2.258722877502441406e+01
2.228534889221191406e+01
2.201188278198242188e+01
2.166413497924804688e+01
2.140825080871582031e+01
2.112191390991210938e+01
2.087364387512207031e+01
2.052523422241210938e+01
2.026091575622558594e+01
1.997502708435058594e+01
1.969672393798828125e+01
1.941862106323242188e+01
1.909675979614257812e+01
1.884005165100097656e+01
1.846044540405273438e+01
1.827100753784179688e+01
1.797687149047851562e+01
1.777682113647460938e+01
1.742192840576171875e+01
1.710902595520019531e+01
1.681487655639648438e+01
1.652360343933105469e+01
1.634491348266601562e+01
1.589982318878173828e+01
1.584301567077636719e+01
1.606551551818847656e+01
1.506771278381347656e+01
1.309857177734375000e+01
1.542000102996826172e+01
2.145000076293945312e+01
2.170000076293945312e+01
2.264999961853027344e+01
2.270000076293945312e+01
2.239999961853027344e+01
2.500000000000000000e+01
2.379999923706054688e+01
2.500000000000000000e+01
2.500000000000000000e+01
2.500000000000000000e+01
2.500000000000000000e+01
2.500000000000000000e+01
2.500000000000000000e+01
2.500000000000000000e+01
2.500000000000000000e+01
2.500000000000000000e+01
2.500000000000000000e+01
2.500000000000000000e+01
2.500000000000000000e+01
2.500000000000000000e+01
2.500000000000000000e+01
2.500000000000000000e+01
2.500000000000000000e+01
2.500000000000000000e+01
2.500000000000000000e+01
2.500000000000000000e+01
2.500000000000000000e+01
2.500000000000000000e+01
2.500000000000000000e+01
2.500000000000000000e+01
2.500000000000000000e+01
2.500000000000000000e+01
2.500000000000000000e+01
2.500000000000000000e+01
2.500000000000000000e+01
2.500000000000000000e+01
2.500000000000000000e+01
2.500000000000000000e+01
2.500000000000000000e+01
2.500000000000000000e+01
2.500000000000000000e+01
2.500000000000000000e+01
2.500000000000000000e+01
2.500000000000000000e+01
2.500000000000000000e+01
2.500000000000000000e+01
2.500000000000000000e+01
2.500000000000000000e+01
2.500000000000000000e+01
2.500000000000000000e+01
2.500000000000000000e+01
2.500000000000000000e+01
2.500000000000000000e+01
2.500000000000000000e+01
2.500000000000000000e+01
2.500000000000000000e+01
2.500000000000000000e+01
2.500000000000000000e+01
2.500000000000000000e+01
2.500000000000000000e+01
2.500000000000000000e+01
2.500000000000000000e+01
2.500000000000000000e+01
2.500000000000000000e+01
2.500000000000000000e+01
2.500000000000000000e+01
2.500000000000000000e+01
2.500000000000000000e+01
2.500000000000000000e+01
2.500000000000000000e+01
2.500000000000000000e+01
2.500000000000000000e+01
2.500000000000000000e+01
2.500000000000000000e+01
2.500000000000000000e+01
2.500000000000000000e+01
2.500000000000000000e+01
2.500000000000000000e+01
2.500000000000000000e+01
2.500000000000000000e+01
2.500000000000000000e+01
2.500000000000000000e+01
2.500000000000000000e+01
2.500000000000000000e+01
2.500000000000000000e+01
2.500000000000000000e+01
2.500000000000000000e+01
2.500000000000000000e+01
2.500000000000000000e+01
2.500000000000000000e+01
2.500000000000000000e+01
