2.700000047683715820e+00
3.241688251495361328e+00
2.851084232330322266e+00
2.537792921066284180e+00
2.237244844436645508e+00
1.991047263145446777e+00
1.725140810012817383e+00
1.493461132049560547e+00
1.314351320266723633e+00
1.194270253181457520e+00
1.095607519149780273e+00
9.349999427795410156e-01
2.450000047683715820e+00
2.500000000000000000e+00
2.500000000000000000e+00
2.500000000000000000e+00
2.500000000000000000e+00
2.500000000000000000e+00
2.500000000000000000e+00
2.500000000000000000e+00
2.500000000000000000e+00
2.500000000000000000e+00
2.500000000000000000e+00
2.500000000000000000e+00
2.500000000000000000e+00
