1.000000000000000000e+01
1.000000000000000000e+01
1.000000000000000000e+01
1.000000000000000000e+01
1.000000000000000000e+01
1.000000000000000000e+01
1.000000000000000000e+01
1.000000000000000000e+01
1.000000000000000000e+01
1.060000038146972656e+01
1.118682861328125000e+01
1.063581275939941406e+01
1.032390213012695312e+01
9.983018875122070312e+00
9.666467666625976562e+00
9.345697402954101562e+00
9.033764839172363281e+00
8.749445915222167969e+00
8.461915969848632812e+00
8.158651351928710938e+00
7.870234012603759766e+00
7.589467048645019531e+00
7.276322841644287109e+00
7.007050991058349609e+00
6.750077724456787109e+00
6.495038032531738281e+00
6.199042797088623047e+00
5.911901950836181641e+00
5.670512199401855469e+00
5.553756237030029297e+00
5.121773719787597656e+00
5.382500171661376953e+00
5.349999904632568359e+00
9.500000000000000000e+00
1.000000000000000000e+01
1.000000000000000000e+01
1.000000000000000000e+01
1.000000000000000000e+01
1.000000000000000000e+01
1.000000000000000000e+01
1.000000000000000000e+01
1.000000000000000000e+01
1.000000000000000000e+01
1.000000000000000000e+01
1.000000000000000000e+01
1.000000000000000000e+01
1.000000000000000000e+01
1.000000000000000000e+01
1.000000000000000000e+01
1.000000000000000000e+01
1.000000000000000000e+01
1.000000000000000000e+01
1.000000000000000000e+01
1.000000000000000000e+01
1.000000000000000000e+01
1.000000000000000000e+01
1.000000000000000000e+01
1.000000000000000000e+01
1.000000000000000000e+01
1.000000000000000000e+01
1.000000000000000000e+01
1.000000000000000000e+01
1.000000000000000000e+01
1.000000000000000000e+01
1.000000000000000000e+01
1.000000000000000000e+01
1.000000000000000000e+01
1.000000000000000000e+01
1.000000000000000000e+01
1.000000000000000000e+01
