1.500000000000000000e+01
1.500000000000000000e+01
1.500000000000000000e+01
1.500000000000000000e+01
1.500000000000000000e+01
1.500000000000000000e+01
1.500000000000000000e+01
1.500000000000000000e+01
1.500000000000000000e+01
1.500000000000000000e+01
1.500000000000000000e+01
1.500000000000000000e+01
1.500000000000000000e+01
1.500000000000000000e+01
1.500000000000000000e+01
1.560000038146972656e+01
1.472500038146972656e+01
1.513333415985107422e+01
1.553819751739501953e+01
1.501782417297363281e+01
1.496353626251220703e+01
1.449115562438964844e+01
1.416430473327636719e+01
1.389185523986816406e+01
1.354286193847656250e+01
1.322029399871826172e+01
1.296786212921142578e+01
1.267468070983886719e+01
1.240960884094238281e+01
1.208563423156738281e+01
1.180741119384765625e+01
1.151359748840332031e+01
1.124302768707275391e+01
1.091855621337890625e+01
1.067601299285888672e+01
1.040647220611572266e+01
1.010631370544433594e+01
9.809181213378906250e+00
9.564728736877441406e+00
9.352677345275878906e+00
8.961722373962402344e+00
8.714530944824218750e+00
8.810278892517089844e+00
7.797294616699218750e+00
1.090000057220458984e+01
8.300000190734863281e+00
1.350000000000000000e+01
1.430000019073486328e+01
1.500000000000000000e+01
1.500000000000000000e+01
1.500000000000000000e+01
1.500000000000000000e+01
1.500000000000000000e+01
1.500000000000000000e+01
1.500000000000000000e+01
1.500000000000000000e+01
1.500000000000000000e+01
1.500000000000000000e+01
1.500000000000000000e+01
1.500000000000000000e+01
1.500000000000000000e+01
1.500000000000000000e+01
1.500000000000000000e+01
1.500000000000000000e+01
1.500000000000000000e+01
1.500000000000000000e+01
1.500000000000000000e+01
1.500000000000000000e+01
1.500000000000000000e+01
1.500000000000000000e+01
1.500000000000000000e+01
1.500000000000000000e+01
1.500000000000000000e+01
1.500000000000000000e+01
1.500000000000000000e+01
1.500000000000000000e+01
1.500000000000000000e+01
1.500000000000000000e+01
1.500000000000000000e+01
1.500000000000000000e+01
1.500000000000000000e+01
1.500000000000000000e+01
1.500000000000000000e+01
1.500000000000000000e+01
1.500000000000000000e+01
1.500000000000000000e+01
1.500000000000000000e+01
1.500000000000000000e+01
1.500000000000000000e+01
1.500000000000000000e+01
1.500000000000000000e+01
1.500000000000000000e+01
1.500000000000000000e+01
1.500000000000000000e+01
1.500000000000000000e+01
1.500000000000000000e+01
1.500000000000000000e+01
1.500000000000000000e+01
1.500000000000000000e+01
1.500000000000000000e+01
